Car 0.00 0 -1.33 333.28 177.65 489.60 277.55 1.50 1.78 3.69 -3.29 1.46 12.65 -1.57
Pedestrian 0.00 1 -0.19 283.29 168.34 364.92 241.44 1.70 0.64 1.74 -6.87 1.41 17.25 -0.57
Pedestrian 0.00 0 0.14 562.59 158.20 594.85 225.88 1.83 0.69 1.03 -0.77 1.23 19.57 0.10
Pedestrian 0.00 2 0.26 402.59 157.37 427.24 234.07 1.80 0.61 1.04 -4.61 1.26 17.02 0.00
Pedestrian 0.00 1 0.65 196.36 177.31 229.19 234.95 1.72 0.55 0.93 -11.93 1.63 21.48 0.15
Pedestrian 0.00 0 0.64 189.12 181.00 219.25 236.74 1.62 0.48 0.96 -11.93 1.64 20.91 0.13
Pedestrian 0.00 0 -2.72 241.89 176.88 270.18 234.71 1.60 0.54 0.84 -9.82 1.51 20.03 3.12
Pedestrian 0.00 0 -3.01 210.60 172.77 242.54 244.30 1.80 0.54 1.03 -9.70 1.61 18.32 2.80
Pedestrian 0.00 1 -2.78 334.47 162.73 354.71 234.29 1.95 0.56 0.82 -7.16 1.47 19.63 -3.13
Car 0.00 1 -0.58 1028.25 151.61 1157.03 185.90 1.28 1.70 3.95 19.45 0.18 28.33 0.027
